206.60000 1.54300 .00000
226.70000 1.52276 .00000
248.30000 1.50841 .00000
265.20000 1.50004 .00000
280.30000 1.49404 .00000
302.20000 1.48719 .00000
330.30000 1.48053 .00000
361.10000 1.47512 .00000
404.70000 1.46961 .00000
435.80000 1.46669 .00000
467.80000 1.46429 .00000
508.60000 1.46187 .00000
546.10000 1.46008 .00000
577.00000 1.45885 .00000
589.30000 1.45841 .00000
643.80000 1.45671 .00000
667.80000 1.45608 .00000
706.50000 1.45515 .00000
852.10000 1.45248 .00000
894.40000 1.45185 .00000
1014.00000 1.45025 .00000
1128.60000 1.44888 .00000
1362.20000 1.44621 .00000
1469.50000 1.44497 .00000
1660.60000 1.44267 .00000
1709.10000 1.44205 .00000