        0.225426 1.1105 1.8775
        0.247968 1.0929 1.9699
        0.261019 1.0600 2.0600
        0.275520 1.0397 2.1977
        0.291728 1.0707 2.3722
        0.309960 1.1870 2.5304
        0.330625 1.3546 2.5636
        0.354241 1.3798 2.4347
        0.381490 1.1248 2.3791
        0.413281 0.7721 2.6064
        0.450852 0.5160 3.0467
        0.495937 0.3671 3.5927
        0.551041 0.2867 4.2241
        0.619921 0.2512 4.9688
        0.708481 0.2565 5.8839
        0.826561 0.3226 7.0623
        0.991874 0.5347 8.6306
        1.239842 0.9209 10.5189
        1.653123 0.6066 13.7851