        0.247968 0.4994 1.9795
        0.261019 0.4873 2.1720
        0.275520 0.5524 2.3940
        0.291728 0.7446 2.4832
        0.309960 0.6411 2.4613
        0.330625 0.5362 2.7034
        0.354241 0.5240 2.9907
        0.381490 0.5508 3.2986
        0.413281 0.6029 3.6376
        0.450852 0.6794 4.0209
        0.495937 0.7858 4.4636
        0.551041 0.9322 4.9850
        0.619921 1.1356 5.6116
        0.708481 1.4247 6.3811
        0.826561 1.8489 7.3486
        0.991874 2.4976 8.5981
        1.239842 3.5417 10.2617
        1.653123 5.3318 12.5605